id	c0r1	c0r2	c0r3	c0r4	c1r1	c1r2	c1r3	c1r4
0	0.907750	0.964438	1.075780	1.065872	2.410962	1.897421	2.421239	1.798668
1	0.913828	1.119518	0.943012	1.127942	2.502809	1.938658	1.449294	1.393307
2	0.815722	0.979482	0.948156	0.953245	1.362988	0.988805	1.356431	2.584169
3	1.109647	0.987601	1.015495	0.929658	1.188608	2.033400	2.217267	2.056104
4	0.598820	0.591558	1.402076	1.120981	2.282362	3.001975	1.800389	2.369590
5	1.349909	1.136211	0.846855	1.044699	2.070801	2.652527	2.209415	2.761132
6	1.310748	1.227643	1.113074	0.328461	1.126655	0.576049	2.195726	1.799945
7	1.299596	0.718021	1.227750	0.429650	0.913974	0.882051	1.811292	0.801892
8	1.451017	0.999197	0.594059	0.578002	0.130655	0.757745	1.746676	0.792550
9	0.879900	1.103423	1.372543	0.651572	2.071513	1.740795	1.531069	2.110149
10	1.046971	0.949703	0.965871	0.978347	3.302612	3.054623	2.847106	2.326061
11	1.136783	1.114919	1.069909	1.007546	2.532548	2.337246	2.911688	2.547806
12	1.075075	1.010618	0.780110	0.932300	2.318835	1.859783	2.416190	2.678779
13	0.810522	1.179467	1.099193	1.153752	2.392264	2.231974	1.351437	2.670262
14	0.983924	1.396391	0.700454	1.068587	2.293246	1.657423	3.051162	3.763031
15	0.703438	0.614300	0.780573	0.837230	2.879735	1.705466	1.659079	2.296742
16	0.522519	0.691401	0.821899	0.621992	3.041075	3.835084	1.340165	4.097825
17	0.282136	1.052785	1.308106	1.496594	2.105414	4.772099	4.559896	2.565568
18	0.952487	1.464866	0.740138	1.306270	4.115023	1.965478	1.590039	3.940417
19	0.605003	1.115939	0.702580	1.610197	3.133801	1.667781	5.251273	3.337848
20	9.798921	9.824965	9.928343	9.964180	19.525652	19.672386	20.316908	20.815426
21	9.605424	9.577663	10.288649	10.367959	20.07884	16.543272	20.086939	19.619226
22	9.235678	9.869148	11.844148	10.00106	24.806311	19.110344	25.126846	14.166136
23	10.679458	9.037494	9.617849	11.990414	16.385548	22.902586	26.988855	17.043596
24	10.398032	11.574834	10.250355	12.483849	14.081771	16.179852	15.592528	17.704954
25	8.720677	10.448679	10.261705	14.170529	22.515026	20.371304	9.496442	21.180901
26	11.948825	9.573043	10.787716	7.230910	26.132553	18.881321	25.609329	15.336326
27	15.765446	9.518579	12.842446	14.743098	17.558168	25.654659	24.963238	32.112022
28	10.342569	17.284792	14.393318	14.588351	33.997784	8.665775	18.596338	12.390448
29	7.363694	13.641303	10.221365	10.343873	15.981899	26.664354	35.298386	15.564128
30	9.843038	10.371655	10.43042	10.026849	13.881012	14.440519	15.219161	16.138674
31	9.914789	9.400753	10.186163	9.353564	17.638622	14.15948	15.559756	17.699574
32	9.397986	10.420396	10.176622	8.908373	15.420157	16.163845	11.544292	11.30725
33	9.123460	8.790254	9.835788	9.380573	11.787531	13.001142	11.613039	14.939955
34	7.952550	7.618940	7.803772	13.092453	18.331354	15.38131	15.31148	14.769146
35	14.289293	10.714418	12.458816	5.956993	22.262413	21.467949	5.742692	17.045593
36	11.366362	10.747345	11.444838	10.277841	6.678361	11.404757	18.772762	13.757197
37	9.194271	11.591567	6.066961	15.838864	15.884596	6.685128	15.371838	26.484846
38	6.661952	6.964145	10.424427	15.839375	13.365813	3.622694	2.907052	15.363021
39	4.985261	14.630369	8.637319	14.111155	29.170338	12.490049	10.36644	1.023962
40	20.729822	21.180571	20.884905	19.122778	47.968601	55.605038	50.528458	51.854561
41	22.173365	20.155935	19.533007	21.493078	44.095715	48.363911	49.844212	48.876675
42	17.910933	17.787697	14.742294	20.753416	46.794468	36.71719	57.491947	42.506458
43	21.255661	20.479155	27.803389	18.092026	52.647923	57.389988	52.137981	31.868025
44	14.987112	20.528416	28.147453	14.147947	65.019417	32.720531	68.478043	28.434792
45	20.600426	22.588356	27.284185	17.536526	50.015656	77.907112	44.613178	29.588823
46	8.241833	27.422535	14.309881	20.069151	49.805607	51.859638	46.489185	53.304089
47	20.430593	15.111668	21.100805	8.997161	39.936836	18.042925	60.372272	38.134838
48	14.344858	16.84807	31.849857	13.581442	25.715769	13.210042	29.087946	16.872959
49	9.681853	28.176626	16.09030	20.788544	9.939145	19.365408	14.334916	4.798743
50	5.966194	3.651793	5.494903	4.121228	6.872149	7.270185	4.920128	7.205935
51	0.543809	3.047145	5.300937	3.013457	5.830722	3.224548	2.400462	1.162324
52	31.634636	15.422709	21.61603	20.397116	18.875824	14.583985	19.433126	9.064631
53	3.573283	2.956368	3.574895	4.036476	3.219600	2.999012	2.627298	3.754233
54	10.300138	12.181607	8.282268	10.252282	8.552956	11.173804	10.84493	10.748686
55	6.554992	8.290776	5.931407	13.145146	12.028393	11.648065	13.118971	7.543865
56	20.209791	18.290764	14.216119	19.781216	14.726383	14.147249	14.048467	17.019148
57	4.477665	27.986094	33.248825	5.544472	5.218226	16.824553	27.250063	16.688107
58	9.444931	9.507872	8.738633	8.815021	8.104684	8.368288	9.530937	7.738131
59	0.101457	0.109272	0.067971	0.100707	0.100677	0.107681	0.074637	0.077879
60	9.461531	9.892601	8.796828	9.231437	8.992250	8.908185	9.701723	9.422748
61	0.195571	0.109376	0.428147	0.384701	0.121252	0.360149	0.107755	0.233695
62	9.126437	7.607845	4.13168	6.053997	3.175946	7.427341	3.993819	8.873529
63	7.816132	20.662104	8.002497	20.26392	18.059574	19.650274	19.842241	21.479721
64	3.687058	3.225244	2.647663	3.816992	3.939409	2.700655	3.236278	3.73192
65	3.544784	3.735017	5.218211	7.581745	3.896543	3.286545	6.497434	2.430804
66	6.152522	6.126952	6.566597	6.440016	6.669887	6.520854	6.903954	6.403229
67	9.998101	10.619817	10.638185	10.434843	10.121291	9.326826	10.16925	9.105955
68	4.170165	5.34942	5.171039	4.609582	4.487234	5.427323	5.196573	4.214633
69	1.006233	1.97664	1.457101	1.805198	1.959206	3.05583	1.602705	0.780489
70	4.998613	7.634873	6.441072	8.151727	5.853505	6.219328	8.828607	4.742176
71	5.75047	7.05599	6.573361	6.290801	6.624806	5.209034	6.450747	7.12838
72	17.137619	12.516348	11.919263	16.794931	15.857395	18.117271	15.232249	17.735666
73	0.565697	0.810816	1.038278	0.378577	0.148826	0.500743	0.842695	0.951445
74	28.631235	21.089252	21.33334	28.861948	27.214655	26.852812	23.174595	17.256136
75	25.424175	24.937481	27.253147	30.668558	30.194662	27.891233	36.184715	22.246225
76	28.562101	25.306971	22.350399	30.038717	19.508776	23.209089	26.672552	19.434107
77	21.622974	21.582422	16.04616	12.064273	17.461872	16.709127	12.194837	16.5147
78	8.857047	11.970726	10.23448	10.187291	5.796256	6.755325	10.207334	11.812263
79	22.728899	23.729847	23.98173	19.208509	19.730602	23.093868	21.116171	22.714825
80	14.511105	13.997179	14.271585	11.892836	14.071391	14.610914	13.683883	11.778514
81	1.939288	3.108081	1.001455	2.920435	2.863864	5.072324	3.795606	4.149953
82	4.095341	4.292382	3.715986	4.312563	4.297629	3.798515	3.825296	4.283546
83	4.945011	5.987397	5.62674	5.642029	5.68609	5.310764	4.511915	5.843268
84	6.43105	5.717494	6.4371	6.387084	6.653259	6.448681	6.199243	6.264347
85	7.12666	7.133776	7.189144	7.130332	7.170516	7.161854	7.162889	7.222712
86	8.62126	7.02759	6.629584	11.854145	9.154902	9.581777	11.554724	10.807396
87	4.049259	4.14998	4.327267	4.118376	3.942418	4.207452	4.280127	4.021419
88	32.935902	48.233265	54.476345	66.507294	60.403816	34.124012	58.836399	47.227558
89	10.244236	53.975224	23.25812	20.650049	36.126167	49.079296	20.870045	14.036759
90	5.100197	4.056011	5.174154	4.170155	4.2429	4.835953	4.759316	4.961434
91	5.028154	5.481422	5.761339	5.920184	5.379826	5.558946	4.941181	4.43642
92	6.246444	4.622674	6.021478	4.590846	4.731053	4.574844	6.804282	7.386632
93	30.320143	29.435751	30.367832	30.622877	29.870512	30.404501	30.048416	29.98831
94	0.223911	0.220126	0.095582	0.158973	0.178344	0.171206	0.229466	0.140333
95	22.116076	22.221882	21.253262	19.669525	20.547596	22.845158	22.6082	22.727692
96	0.205251	0.202966	0.167135	0.173797	0.205383	0.213826	0.186213	0.184049
97	2.464878	2.337166	2.628532	2.402418	2.389362	2.655473	2.431545	2.541365
98	4.601949	16.570147	14.373454	10.142615	4.997669	4.813512	14.697333	11.966652
99	1.711927	2.212047	2.294429	1.163366	2.171235	0.954777	2.087282	1.99916
100	6.093035	5.797957	6.486211	7.416793	5.973216	6.215909	6.514889	5.160938
101	5.343665	5.348217	5.449444	5.385847	5.381355	5.539288	5.561316	5.372479
102	2.716985	5.437012	5.784608	4.483654	3.870164	4.312054	4.21411	1.816087
103	1.599341	1.71086	1.529996	1.78495	1.326872	1.779982	1.806951	1.569601
104	17.77223	5.877849	11.959299	18.464323	16.67452	9.394102	16.227345	8.156195
105	27.417202	27.874769	21.877485	21.99164	25.299938	15.956781	18.772945	24.420237
106	20.011272	20.556316	20.56745	20.157166	19.560764	20.084444	20.009523	19.794941
107	19.599773	19.676771	19.14208	20.084864	19.237112	19.264612	20.726849	19.772127
108	28.951639	25.752645	29.593094	18.902878	31.78377	31.393862	16.022408	11.835861
109	7.828789	8.71101	7.747986	9.19604	9.006321	7.724527	7.777564	8.182579
110	10.516668	13.353799	16.179697	14.992979	10.106921	6.030708	10.873277	15.286165
111	7.889321	10.315149	5.197929	4.01588	8.102208	6.184222	6.536933	7.864305
112	5.184549	9.002037	13.812552	12.8211	15.345798	11.627283	11.529064	5.169471
113	0.600773	0.667919	0.469671	0.416483	0.395721	0.670857	0.813139	0.69118
114	1.506754	1.512175	1.514619	1.430411	1.506858	1.497024	1.518102	1.51422
115	1.046913	0.902602	0.898779	1.046621	1.123949	1.027881	1.006548	0.920735
116	8.792236	12.619228	8.03725	9.585631	8.65859	11.303826	8.413806	8.029952
117	5.366784	3.027725	5.403022	5.109844	2.724629	4.816424	6.200772	3.673672
118	2.791527	2.014571	1.62431	1.906685	1.801622	2.089348	2.115509	1.710192
119	3.036753	2.901438	3.112013	2.860742	2.907799	3.104747	2.976527	3.067619
120	7.627656	5.676307	5.980686	6.779959	5.053261	5.517492	6.782848	7.456608
121	10.976373	11.516313	14.444274	16.265091	13.060368	13.514703	13.8658	13.262653
122	1.250572	2.19256	1.954418	1.937717	1.572719	2.192709	1.807668	2.275501
123	28.698902	13.419622	21.329065	21.081982	28.186508	30.740076	30.549036	30.668859
124	2.172635	2.19677	2.321441	2.214202	2.043263	1.92765	2.1248	2.10581
125	2.074147	1.912801	1.680179	2.355439	2.158161	2.280663	1.551049	1.98625
126	12.630653	5.294591	8.177874	17.825705	12.712317	11.956884	11.660604	8.063862
127	5.305245	7.567409	4.78179	7.089354	7.865414	7.113321	5.924948	4.389433
128	9.609175	30.876783	14.386901	19.751064	14.203657	15.947231	20.582127	17.517239
129	0.856885	0.208081	0.301984	1.163656	0.463134	1.161461	0.984575	0.807715
130	31.32778	24.540703	25.078754	30.341412	24.476711	19.211273	28.46837	24.332792
131	0.413889	0.411075	0.633594	0.629239	0.450086	0.66694	0.674074	0.420127
132	5.387797	6.339965	6.042635	6.049381	5.034283	6.283341	6.545198	5.295806
133	15.120311	14.484286	16.212715	12.872221	15.82183	14.16933	14.263558	14.539904
134	0.115674	0.086126	0.095247	0.112201	0.107138	0.114376	0.119034	0.091771
135	9.921647	12.52724	9.989035	1.430353	3.195327	11.216709	9.562604	7.700124
136	16.307634	14.633126	15.605251	15.941913	15.388171	15.865212	15.679213	16.211935
137	47.55426	20.627958	50.321136	62.076817	59.189247	24.749733	55.550243	30.801014
138	5.469091	4.221111	4.184494	5.152971	3.085131	5.71459	5.587549	5.13612
139	25.115473	21.230309	21.629826	25.22607	23.669481	24.805935	24.329031	22.19784
140	1.013609	1.036451	1.092	1.072423	1.022277	1.036737	1.051288	1.084548
141	6.381638	6.744319	6.289985	6.398232	6.712214	6.639517	6.876401	6.8876
142	2.923557	5.626437	3.528119	4.326283	5.092228	5.611832	5.161818	3.240795
143	8.665324	11.159064	9.054384	11.016943	8.09409	9.999105	11.70602	9.945205
144	29.686014	31.094412	25.29871	28.47595	30.028391	28.388666	31.231588	30.710621
145	3.39207	4.080052	11.246374	8.828032	3.354226	8.800825	3.842151	6.009666
146	4.85208	4.69988	4.65049	5.160044	5.112682	5.18593	4.355093	4.431751
147	15.501064	15.459107	6.628771	9.840042	24.554522	5.746626	8.461828	7.545949
148	11.933374	10.936583	15.134027	12.793304	20.154163	13.968499	25.454748	13.118358
149	11.271184	24.733494	12.115771	23.911041	17.595663	14.02693	11.461493	19.234102
150	4.322548	5.58633	2.408717	4.398371	2.487971	5.408361	3.239901	4.914816
151	17.092308	17.89208	14.983462	14.134352	14.008063	15.323712	16.718969	13.032554
152	0.163563	0.173525	0.154351	0.173815	0.187582	0.154037	0.168129	0.207822
153	8.931525	8.175037	8.623938	8.673985	9.476881	8.222675	8.628083	9.046442
154	0.870344	1.201704	1.540013	1.161339	0.685151	1.014984	1.575238	1.301953
155	5.450506	4.749814	5.471016	4.660208	5.426229	3.733442	3.64337	5.697449
156	6.129083	6.637273	4.653049	6.405608	4.290665	4.132236	5.069788	6.468414
157	5.014301	4.703139	5.571918	4.83428	4.983289	5.258653	5.420239	5.514405
158	3.783377	3.904566	4.936136	4.556952	5.162226	5.436131	5.127037	4.217089
159	37.36293	33.713131	31.13047	35.228477	29.996403	31.52182	34.101585	31.818609
160	3.404437	3.956862	2.548369	3.318295	4.258511	2.673742	2.674588	4.171512
161	36.35556	36.945335	38.642876	37.412235	39.04707	37.83242	38.606689	38.11462
162	3.381656	3.412749	1.936761	3.270692	1.968441	0.821062	2.585588	3.434634
163	0.717583	0.372065	0.697235	0.658358	1.109317	0.359221	0.195048	0.538728
164	2.491434	3.034859	3.132884	0.79748	1.235654	1.639932	3.335293	0.857128
165	6.917668	6.864397	6.218663	6.734844	6.504704	6.776028	7.468481	8.806518
166	1.279313	1.293717	1.283679	1.307146	1.260906	1.307875	1.293273	1.240159
167	2.159182	1.69912	2.323014	2.008192	2.287436	1.886391	2.180231	1.633249
168	42.123611	19.78899	100.667061	37.646126	22.320955	124.036346	66.55851	53.308243
169	5.461409	17.366064	5.587626	3.369341	3.384454	24.40169	4.452213	5.719039
170	15.23697	7.03619	17.563358	12.907845	17.090385	17.228111	15.28968	4.333332
171	22.998753	37.607262	26.582771	28.581581	34.62933	26.663456	28.020943	30.916906
172	3.243884	2.880327	2.929127	2.672104	2.185356	2.806027	2.607611	2.818279
173	24.621798	24.06526	23.13166	23.162283	23.777058	24.661613	24.7115	20.690958
174	9.041417	10.153599	7.672959	7.866082	7.776715	8.353465	6.707473	8.686535
175	9.164775	10.368669	3.953121	4.355087	10.081671	11.482574	6.753274	7.084505
176	11.61832	13.07465	10.627461	14.087626	12.294911	11.921288	10.962616	15.488475
177	0.023974	0.017647	0.008047	0.02029	0.012963	0.022794	0.010709	0.021004
178	0.082903	0.081595	0.093602	0.087101	0.091642	0.08612	0.083359	0.088786
179	35.146473	36.741058	34.025379	32.698235	34.273323	32.340012	37.807499	35.627613
180	41.114754	32.403053	45.856804	38.067085	36.538597	48.890583	39.807133	27.953671
181	4.049208	3.918588	3.213283	1.794235	4.030007	5.147069	3.363902	2.174359
182	15.149132	11.66252	4.835358	14.567411	15.649093	11.689466	14.284677	9.292139
183	2.005293	0.914897	1.691923	1.79338	1.103606	2.118586	0.856475	1.805885
184	15.492823	12.835546	9.925328	11.392043	11.363477	12.384343	11.328303	11.722039
185	8.372414	8.415329	11.542169	8.152546	12.359548	9.21678	10.26219	8.749318
186	0.551427	0.58146	0.571332	0.578624	0.555975	0.569184	0.55509	0.560609
187	25.53841	19.925631	19.127449	7.478322	20.320391	18.978621	21.237366	19.083071
188	3.104987	3.068002	2.99693	3.165158	3.011132	3.210252	2.993999	3.172045
189	24.691772	24.750597	24.656902	24.678049	24.727192	24.846359	24.684372	24.388649
190	66.416962	57.665684	66.40126	56.043846	66.449951	57.652145	66.429565	61.879349
191	5.363198	6.091799	7.570101	7.030492	5.631687	7.594133	4.837986	7.457563
192	36.959328	41.689789	41.330116	40.12014	37.702633	42.550568	39.199215	33.219486
193	16.852423	22.610615	32.101761	37.356613	29.271246	28.116356	23.555929	26.505939
194	20.85458	33.338802	32.437801	19.26515	43.198086	23.064474	22.696632	28.342676
195	5.239885	5.258683	5.153456	5.021423	5.254752	4.98625	5.075366	5.528674
196	4.397386	2.563268	3.92981	3.532713	3.215327	3.245611	3.28716	3.704517
197	13.230526	13.045679	16.292746	15.703258	12.414276	14.680338	11.386142	15.280656
198	12.251516	7.679388	14.990832	9.224191	13.404777	8.588041	10.656468	15.195702
199	0.373819	0.755577	0.393384	0.439623	0.636818	0.427368	0.526207	0.539288
200	13.002265	10.726153	5.336323	10.224923	8.897067	10.45523	5.65682	13.205445
201	13.242427	15.340634	14.240886	15.849889	13.276423	15.809277	13.373851	14.335077
202	1.554245	3.761093	1.42481	1.429803	3.589952	3.708335	1.918874	2.599599
203	12.35216	18.981812	18.69418	13.644231	22.326202	14.646392	10.413291	20.252705
204	1.552973	1.623675	1.638208	1.536534	1.821825	1.543938	1.183084	1.232817
205	3.068316	4.098349	6.26694	3.402712	3.897788	3.844282	5.302982	3.031373
206	4.116271	12.881647	15.054298	6.023295	0.687094	2.40245	10.105981	10.009823
207	10.775935	10.407866	11.509117	9.861326	10.314145	10.435623	10.690749	11.221137
208	11.4396	15.648609	11.385619	14.253735	13.758188	9.088756	11.26614	12.394553
209	23.427834	22.044432	13.239298	16.068756	18.620268	20.173824	21.992449	24.661076
210	3.394935	3.948745	3.987895	2.822948	3.801007	3.767071	3.591859	2.860111
211	0.763577	6.433438	3.388053	3.416458	4.070562	3.365715	4.178828	2.243748
212	0.009683	0.008705	0.008782	0.008795	0.009289	0.008162	0.009307	0.008679
213	10.183674	9.796997	12.725905	8.647627	10.826346	9.166383	10.110706	14.615864
214	4.306204	3.889159	5.579993	5.957425	9.587714	6.875228	6.416695	6.840193
215	2.737388	7.17397	9.5048	6.602331	6.447031	3.881653	6.715852	5.684488
216	0.730487	16.893518	2.708631	3.516166	7.889518	15.194909	5.423608	2.146416
217	55.313744	35.984051	65.754547	65.524399	45.534176	52.156315	37.353195	37.447407
218	17.303278	14.892218	10.214018	9.930538	17.347847	16.886072	22.030371	11.977949
219	1.11036	0.863656	1.088884	0.974994	1.056506	0.842929	0.869915	1.180198
220	10.792653	8.687125	10.774064	11.637799	10.49176	10.80384	8.434674	8.666937
221	14.597565	17.902296	19.981865	16.596704	14.650642	12.246023	18.469881	17.932493
222	13.265327	8.57739	12.554516	13.345133	11.970448	12.280169	12.479226	11.701221
223	3.398244	3.568324	3.104383	3.011762	2.740646	3.351356	1.9645	2.576899
224	3.388116	2.101295	9.035175	7.595799	9.956753	6.163528	8.22052	4.188381
225	25.382364	24.506269	25.45488	30.045937	27.516834	24.017139	27.281349	22.079803
226	0.287446	0.299755	0.252825	0.372607	0.311341	0.313366	0.265596	0.25457
227	8.302106	4.865444	6.799287	7.649165	8.045345	7.352523	7.502171	6.652661
228	14.845888	10.658056	25.49951	19.308931	17.331518	20.238899	16.30278	7.916467
229	8.13788	8.324356	10.845545	6.847708	9.785405	8.543564	10.03034	6.86453
230	3.681111	1.707786	3.76782	6.470472	2.133719	2.240634	5.355559	5.409608
231	16.791531	15.210629	16.757984	15.588502	16.501846	13.73185	15.149997	15.561242
232	2.294633	2.360309	2.356736	2.318773	2.448971	2.302283	2.438661	2.323136
233	10.505917	10.612406	9.189323	8.332837	8.533097	4.837523	6.626785	11.255684
234	27.230881	34.941875	36.188602	23.331995	25.397684	25.602167	38.976562	48.42437
235	2.077096	5.696617	1.653792	0.396413	0.577755	1.150862	5.155341	6.284785
236	6.591065	6.602705	6.595322	6.498416	6.525552	6.557986	6.53862	6.578596
237	2.9281	2.984603	2.974231	2.673293	3.086658	2.877898	2.861361	2.955961
238	0.857058	0.867655	0.868713	0.850699	0.865262	0.857804	0.85979	0.864882
239	6.122426	2.053947	7.500166	1.05087	0.891905	5.835841	2.217162	3.285693
240	2.776314	2.809494	2.794083	2.818283	2.801503	2.784849	2.814424	2.751963
241	10.449203	13.805542	5.155013	14.034865	7.791391	10.060604	22.204891	7.851205
242	29.529766	19.076824	52.930019	52.157867	26.758137	21.776527	45.402279	30.306868
243	13.322281	5.128054	8.431368	7.396362	9.200253	9.39165	13.146238	8.806451
244	12.761284	13.209935	9.628533	12.880199	13.433756	12.415591	11.905607	14.495311
245	14.884961	11.442277	12.99542	15.685271	14.654365	12.009917	16.728447	15.282972
246	0.692798	0.656448	0.687938	0.529998	0.520832	0.637083	0.654679	0.711711
247	28.292732	4.42823	8.873015	30.487654	41.300304	43.91589	23.369013	19.416138
248	15.173275	15.692963	15.663286	13.588457	16.707457	14.096733	19.571125	10.230712
249	6.509543	7.628253	8.521744	7.462104	7.103257	6.520104	7.234189	8.11967
250	8.360929	11.311437	12.266412	10.315425	12.766424	12.096336	10.461253	11.519093
251	13.286535	13.431897	12.799399	12.645468	12.286304	11.102367	12.913943	11.860171
252	22.776527	24.330915	27.125782	35.237541	17.442402	22.040155	27.450216	30.31325
253	8.356027	10.358727	9.047823	13.460172	7.443172	7.896602	8.392344	8.716457
254	13.09846	8.981108	10.065618	7.769335	13.880934	18.902298	13.25789	6.683086
255	1.211178	0.907715	1.65106	1.222221	1.948724	1.409176	1.693681	0.739249
256	7.251463	6.393711	6.90311	7.105876	6.931641	6.507359	7.224988	9.18503
257	8.890653	9.116085	5.854805	8.214202	11.277581	7.332398	8.572458	8.117074
258	0.10049	0.09214	0.086594	0.047194	0.036036	0.099831	0.036481	0.068177
259	15.221553	19.721912	17.980097	14.389498	10.644555	12.909862	19.172178	20.035521
260	5.477227	3.816376	5.854113	2.007708	2.222784	2.858163	3.452562	2.979198
261	0.902314	1.047264	0.985524	1.146343	1.165953	1.109303	1.037745	0.760922
262	5.172516	5.152249	4.741577	3.373578	5.653266	4.097234	3.605489	4.436848
263	21.897264	17.463493	16.108072	12.359795	19.52231	19.831558	21.268967	18.548567
264	21.442234	15.603425	50.351601	43.029556	37.275192	19.47233	11.001152	13.370176
265	0.11118	0.110741	0.117263	0.145433	0.127939	0.176841	0.14648	0.164042
266	7.810535	8.175897	7.065008	8.06615	6.592485	6.640515	7.961123	5.586051
267	11.868375	10.379658	12.376849	9.16316	11.038952	13.37679	10.814958	12.312043
268	1.893391	1.186926	2.108007	2.677389	1.919629	2.857811	1.733069	0.88802
269	1.599739	1.393368	1.27682	1.453042	1.372927	1.363578	1.508054	1.356647
270	18.32506	20.49357	23.949457	11.786461	14.374431	19.180395	12.049637	13.539993
271	2.298483	4.673857	7.240805	6.242583	4.555562	7.933968	4.821384	6.722068
272	2.127885	1.775053	2.043973	1.558505	1.615937	2.009119	1.981234	2.148659
273	0.588232	0.584567	0.596025	0.59332	0.588971	0.596396	0.590037	0.597893
274	30.003342	36.362785	14.392576	34.367355	24.958941	34.21616	11.453559	22.515739
275	4.249052	4.523978	4.275161	4.598819	4.21722	4.556089	4.244086	4.215035
276	19.704634	28.228588	9.465905	28.817629	24.532019	8.996546	20.762791	26.911482
277	4.728803	5.810619	6.998933	6.360049	10.227558	4.35933	4.735335	7.611573
278	0.371343	0.173244	0.38064	0.46777	0.484569	0.57396	0.382367	0.590453
279	4.126569	4.439145	4.02745	3.850853	2.119367	3.236193	5.355958	3.163078
280	3.608783	3.933524	3.836499	3.656991	3.698654	3.544437	3.896093	3.75216
281	11.332152	5.494965	3.735602	6.742774	9.406701	10.811123	6.143519	14.380806
282	7.266932	7.566454	8.938255	7.524981	8.219678	8.449645	8.626966	6.719477
283	4.052204	4.332142	4.447303	4.678573	4.374392	4.4305	4.439138	4.611987
284	14.099283	26.858738	9.103534	19.530783	19.559221	14.166671	16.170477	14.787136
285	5.128764	8.908171	9.525403	3.885997	9.12017	4.196497	9.448969	2.64569
286	12.004206	11.992162	12.01014	11.99772	12.014032	12.003334	12.00795	12.009525
287	6.208903	6.745578	7.105778	6.068011	6.272496	5.637311	6.490599	6.34894
288	2.695781	3.267697	2.981878	2.45404	1.447132	1.766731	1.135522	2.899931
289	12.950452	12.96479	12.963642	12.968667	12.971904	12.950879	12.942544	12.930718
290	1.657593	4.131195	3.507627	5.478865	7.240387	4.51573	2.871488	3.641194
291	6.499498	6.348741	6.632789	6.649329	6.389045	6.293694	6.477726	6.368471
292	7.15885	7.091362	7.016723	6.898116	7.325041	7.405464	7.255538	7.106123
293	9.654177	11.482892	8.044559	5.737837	11.530974	10.235332	5.171399	6.649203
294	5.583973	6.277021	7.37213	6.701575	5.998393	4.107636	6.053242	6.585934
295	9.489015	10.17329	3.291234	11.729277	5.777891	13.311706	16.376139	8.153639
296	4.892026	5.115301	6.464286	8.190599	8.839043	10.29148	10.426069	9.297127
297	1.850676	1.841892	1.844229	1.8316	1.837862	1.85886	1.901714	1.909177
298	3.943147	4.319181	9.276003	2.740104	13.290968	13.548967	8.358756	2.735084
299	42.86586	43.635258	82.336838	86.612465	66.138725	38.700306	46.258144	55.541466
300	4.098802	4.071449	3.960527	3.987641	4.013788	4.172648	4.086009	4.166623
301	0.004623	0.004553	0.003979	0.004278	0.00385	0.003877	0.003648	0.004086
302	4.218134	3.98399	4.221748	4.055899	4.147835	4.087724	4.097067	4.239777
303	2.634881	2.260271	2.651708	1.715564	1.247261	1.658374	2.666842	1.648678
304	15.671833	5.647898	6.992725	12.208102	13.10022	12.185304	16.724873	19.889727
305	2.175286	2.362073	2.430633	2.309718	2.38139	1.933048	2.410209	2.497273
306	6.074728	6.673779	6.144896	6.11641	6.579555	7.054688	5.371335	6.648245
307	3.82521	3.823351	3.48926	4.291812	2.308765	3.838237	3.608242	3.612623
308	8.591931	6.570963	7.029652	5.723435	6.207631	11.194985	8.192605	6.843703
309	2.072419	2.753122	1.781744	2.532431	2.003122	2.444264	2.117796	1.899505
310	13.62974	15.449012	15.817774	15.992997	11.638392	15.940482	15.223681	11.230597
311	16.071747	17.40766	15.32159	14.155098	16.626291	14.938116	18.177677	15.235889
312	7.661692	8.071326	9.042839	8.556945	8.606661	6.913523	8.089319	7.230003
313	8.554899	3.377503	12.099484	9.46296	11.651248	9.715965	3.115781	4.465427
314	25.178301	36.064953	31.848991	29.064316	28.07122	22.426882	26.430061	14.76321
315	36.472271	40.769447	36.794872	40.596783	37.366924	40.505417	36.92524	41.047295
316	8.477218	8.031046	8.660862	8.010579	7.944825	8.753642	7.836533	8.086745
317	28.440897	9.17418	27.621254	15.220288	17.1688	7.267457	19.468708	16.732136
318	0.650917	0.674895	0.648748	0.642529	0.684001	0.606665	0.696524	0.685575
319	2.092545	3.021511	2.293117	1.726579	2.065635	2.164477	2.019694	1.869439
320	20.630297	18.400293	18.937536	21.827219	18.170282	9.619095	16.08618	15.937514
321	65.312881	44.68367	66.042778	50.894241	69.268883	38.194168	86.861198	63.13776
322	1.76543	2.197535	2.643138	1.517812	2.29535	2.214502	2.342114	1.802046
323	12.994028	13.427241	5.366622	16.17836	11.127742	34.034885	25.14707	18.574512
324	20.245819	27.29973	25.274006	25.880785	21.181072	18.322924	21.663958	26.391726
325	2.243535	2.178413	1.449801	1.652656	1.441604	1.771203	1.625375	1.427198
326	2.400192	1.872192	2.061019	2.337949	1.910178	1.919155	1.734692	2.09023
327	6.133046	9.845932	4.456308	9.699018	9.109839	4.42753	5.641817	5.079563
328	2.270814	3.043493	1.878775	4.429578	3.640115	0.734852	3.609581	2.559994
329	3.444773	3.948731	2.1454	4.142893	3.43885	3.647537	2.611096	2.847976
330	5.964364	5.587045	6.935575	6.566748	5.025646	4.671381	4.98653	5.618054
331	3.494274	2.736651	2.485983	3.014511	3.784347	3.758755	3.372046	3.108563
332	21.650269	10.571182	17.41835	29.345562	29.297956	20.803696	9.770959	25.777597
333	8.541467	8.375448	7.503586	4.377731	7.808266	6.703171	7.13061	11.691016
334	6.92776	9.659159	6.484488	11.943657	8.719425	9.611613	11.353741	9.740252
335	9.153776	9.469029	11.337528	9.850166	9.605895	8.385798	10.351115	11.212032
336	42.674091	6.49527	24.325695	23.90856	23.376873	36.135139	8.606521	10.562998
337	5.122065	3.630532	3.562773	4.544206	6.322902	6.9698	4.405857	4.574999
338	18.115808	14.596991	12.821851	16.4765	18.440422	17.784292	16.169903	24.466423
339	5.671072	6.10911	4.289346	5.863616	4.332965	6.279003	2.559707	5.158016
340	7.422217	6.133958	6.594667	6.616232	7.443693	6.33298	6.709276	7.326723
341	15.066017	11.809292	31.300236	34.815254	21.680094	23.706888	11.293855	9.418705
342	15.28965	14.891268	16.682203	11.711824	15.908321	17.498169	12.23705	12.45597
343	0.259324	0.234622	0.230724	0.250079	0.238589	0.254577	0.237532	0.252391
344	7.156405	21.413174	14.471011	17.6896	21.458052	11.382588	18.437826	17.467649
345	1.640097	1.685013	3.594491	4.804715	5.093868	2.560871	1.554207	3.779085
346	4.922291	9.607395	8.216063	4.666908	8.2228	6.443047	7.578922	15.814234
347	2.527773	2.568753	3.064922	1.937302	2.222366	3.963225	2.981792	2.682955
348	4.941268	4.611704	4.373922	4.390613	4.724566	4.915305	4.720671	4.902284
349	18.124012	14.762528	20.753267	19.618593	14.801839	20.747267	17.803593	16.437389
350	7.0042	7.686941	6.948335	8.520205	8.723035	5.992518	5.912505	8.411049
351	6.769674	8.54966	6.634122	5.644526	5.381059	5.714078	7.05094	8.623004
352	4.096494	6.765178	4.403478	4.917005	3.709877	2.366687	8.682068	2.431939
353	39.932106	24.111881	33.533722	25.016165	27.702051	31.527349	34.570057	23.225136
354	25.676392	16.473183	22.396128	14.761097	27.09626	20.392689	9.081554	27.16757
355	19.03775	12.616184	21.811083	13.901936	20.053301	16.707466	21.517323	21.168909
356	0.628859	3.839301	4.020507	2.141889	2.188484	2.293136	2.020571	3.179074
357	5.941377	7.341733	8.336575	6.115502	5.259725	5.852806	8.678215	10.346026
358	1.69092	4.51127	2.972189	7.87604	5.305797	7.261457	5.70747	4.920554
359	13.593498	6.760201	8.327556	16.823818	17.651899	13.114495	9.712125	8.948963
360	19.221573	18.799534	19.478031	20.846199	21.787609	24.312174	19.466177	19.974735
361	3.028727	4.862137	5.187057	7.311996	6.112822	9.104399	3.959097	6.243243
362	4.289767	4.231191	4.218266	4.213122	4.257859	4.251041	4.234272	4.097803
363	14.267005	20.225756	7.274494	14.432523	19.778173	16.217373	6.023289	11.419392
364	1.396991	1.501836	1.362958	1.459225	1.455647	1.273389	1.340213	1.271627
365	4.753072	4.926304	3.575924	5.684948	3.896373	5.567563	6.662464	4.682439
366	23.156569	33.236347	32.209991	26.961676	7.28013	32.479561	7.070168	16.149193
367	1.340348	1.419022	2.838757	2.093346	1.986152	0.795815	2.075611	1.968255
368	5.390167	5.784659	6.378088	5.13476	5.229511	6.651294	3.55749	3.893761
369	1.547664	2.831812	1.178058	0.643219	1.446842	2.69387	2.404963	1.554176
370	1.606336	2.519691	1.617296	1.892814	1.775032	2.450773	1.784822	1.852251
371	13.474301	20.592405	24.141899	7.636666	9.052481	15.989209	20.812113	24.499041
372	10.508753	14.038718	17.193771	15.73057	13.675712	16.597858	10.628897	13.180799
373	10.305429	5.261985	9.076965	6.175425	5.817721	6.974709	9.341344	6.392083
374	6.405333	7.954612	5.72849	7.673995	7.555972	8.085278	5.230906	9.992015
375	2.277558	1.898971	2.257342	2.06894	4.027132	2.918757	2.109368	4.138992
376	9.877501	15.494828	13.095958	14.218937	9.228186	6.58019	12.565698	12.847532
377	0.763194	0.764176	0.771237	0.776578	0.778692	0.772502	0.76074	0.763541
378	6.227742	1.777016	8.829704	4.510213	4.250602	2.895042	9.230569	3.727588
379	12.379799	17.422649	14.710927	15.859986	16.227604	17.863895	12.412505	14.76403
380	6.121063	6.347866	7.794898	8.079041	7.575219	4.027752	8.295918	6.72611
381	2.75978	2.499881	3.32096	2.111365	1.960909	1.711498	3.10373	2.806561
382	1.750304	2.293021	1.774133	2.073343	1.277897	1.259179	2.596762	1.228968
383	6.378901	2.318163	9.443708	4.200918	6.989633	5.554618	6.496661	7.421719
384	10.830831	7.748047	6.815419	6.39118	10.308825	11.497956	13.190756	6.346128
385	8.662868	6.788574	1.561836	3.280123	8.914099	8.063765	6.321425	5.246479
386	3.851342	3.825352	3.936271	3.786247	4.063749	4.004334	3.909609	3.85977
387	1.436138	0.915394	1.352744	2.210918	1.009661	2.281231	1.513947	1.402013
388	8.987166	6.795928	4.359392	4.397517	8.163063	6.182747	6.23519	5.052645
389	1.416492	1.785524	1.666742	1.629741	1.468121	2.308803	1.182039	1.339131
390	41.15435	38.949871	36.214935	37.838947	38.517727	42.329166	37.891754	41.002827
391	7.22304	7.343405	6.183386	5.734876	5.351503	4.497902	4.235832	7.573489
392	49.415733	46.200188	60.378757	34.286419	55.739491	59.833462	37.211109	32.933838
393	8.877186	8.27129	7.709138	9.623254	6.744654	10.079262	12.901423	3.985458
394	7.546637	6.721582	8.540362	8.161938	7.889963	8.962997	12.686598	7.287352
395	15.104581	12.256356	14.372842	13.597208	9.239234	13.957376	14.056747	15.269534
396	7.073353	8.716357	7.209611	7.485778	7.170359	7.989192	7.243932	9.142574
397	5.500979	4.646267	5.020895	2.561661	5.647883	3.429701	3.974865	3.003621
398	20.71348	20.087009	18.820337	10.7575	11.311301	21.538498	17.385178	13.432582
399	13.544477	17.066694	11.619883	12.891895	13.123602	11.94178	14.782233	10.651039
400	15.597783	9.638855	9.576055	7.014205	8.795164	12.767776	7.339096	17.816597
401	5.541397	8.22938	7.706649	6.339996	7.018464	7.829568	5.53995	7.177515
402	1.971443	1.632393	1.973691	1.436097	1.104378	1.192393	1.865631	1.18205
403	41.878262	40.35392	42.460224	40.420937	36.247791	42.312702	40.783798	40.925961
404	1.334191	4.66365	2.192115	1.039265	2.722001	1.319631	5.475241	2.012653
405	9.218243	9.716691	7.053061	7.945615	7.273376	8.25605	9.351924	7.278905
406	14.417422	13.915119	13.87992	14.041518	14.077723	13.811144	13.828872	13.994768
407	7.205654	10.380007	8.074756	10.310112	11.435411	7.443933	4.736646	7.238616
408	1.279419	1.327998	1.363969	1.265347	1.24034	1.236942	1.311614	1.304839
409	9.415634	4.959407	8.195999	6.916587	6.631669	10.286706	3.225632	6.758912
410	2.263193	2.59946	1.6936	1.792327	1.539479	1.569258	1.570448	1.934553
411	7.741163	7.54843	7.600816	7.625833	8.049029	7.76549	8.043816	8.101185
412	45.350765	45.338306	45.35611	45.34856	45.357876	45.344616	45.354897	45.334198
413	3.02201	3.194699	5.712151	2.826979	4.194562	3.408836	1.967373	2.62307
414	0.589695	1.546949	0.96788	0.597141	1.033803	1.118063	1.037423	1.847864
415	0.554432	0.80198	0.365097	0.717772	0.990229	0.37761	0.598953	0.904709
416	0.226633	0.155245	0.199244	0.211344	0.160137	0.216525	0.223987	0.207022
417	14.726336	15.96705	15.02107	14.506438	14.733747	16.211985	15.367921	13.903543
418	9.557975	6.933671	4.297531	13.364178	8.450107	9.039637	5.654383	4.218408
419	11.536875	2.496807	22.000177	9.239465	13.043348	9.71703	9.522505	14.439617
420	12.435349	11.925468	14.072316	29.204924	11.197566	24.06176	12.914915	23.769361
421	16.635715	17.548956	9.941178	8.71279	10.079578	15.669312	13.178855	13.034875
422	3.741081	3.969179	3.011897	3.136155	3.223648	3.406057	2.923551	3.901371
423	14.017082	25.608191	28.316174	21.838947	14.794802	37.704727	31.645847	12.300612
424	8.066844	5.452551	6.39941	5.698418	6.63861	7.063957	8.421616	7.616917
425	1.293694	1.350441	1.069402	1.431179	1.101784	1.327196	1.450493	0.860514
426	27.903507	24.82535	26.501091	23.163366	22.967417	19.757204	18.906923	22.026417
427	38.096008	31.089605	34.368919	38.426384	43.405178	37.268524	34.668514	33.658878
428	15.387964	6.466876	4.653649	8.318015	6.085149	6.539839	5.809321	15.127175
429	3.060236	4.192035	3.728381	2.332572	2.402883	1.872655	3.100967	2.876179
430	5.966269	10.653444	5.632164	8.896678	0.10448	2.272812	4.139507	3.562605
431	21.058275	14.662432	11.787381	17.859739	23.591274	16.114424	19.601856	19.020571
432	39.1339	29.958691	48.678188	4.393417	26.077103	28.590508	17.220623	38.373524
433	0.093059	0.046469	0.085225	0.044366	0.055669	0.032399	0.076822	0.104854
434	0.252629	0.249393	0.217587	0.199813	0.184124	0.198382	0.266761	0.216542
435	7.128758	7.059853	7.172904	6.994553	7.143143	7.074235	7.086157	7.1178
436	3.026897	3.04559	3.035693	3.06573	3.02598	3.032911	3.045206	3.040624
437	9.207524	40.288078	14.731768	20.825287	34.514999	27.601807	13.280329	13.926186
438	0.021811	0.033549	0.034249	0.029399	0.021097	0.028793	0.03005	0.024382
439	6.302886	2.91907	4.317674	5.903201	5.061802	7.117158	7.193707	4.432617
440	9.621383	7.944972	7.114008	7.981054	7.069634	8.607756	6.224008	8.189566
441	10.965614	11.318539	11.371198	10.420015	11.524566	11.190832	10.364398	9.885408
442	22.310467	21.964193	21.88818	21.294275	22.897093	21.361385	21.665773	23.371983
443	5.518667	5.603291	4.681604	6.759498	6.133783	6.6321	6.631494	6.405191
444	12.584782	12.580477	12.454319	12.963264	12.203527	12.380539	11.927827	12.591408
445	4.849158	2.991869	4.622818	4.088373	6.00536	4.164091	3.238139	3.539951
446	45.336437	44.343182	43.986862	50.737949	48.693218	44.990799	49.34742	49.036362
447	21.289984	32.3853	37.720356	22.379705	22.223759	25.114529	34.451038	24.177092
448	12.200594	12.265164	12.197213	12.166501	12.280191	12.254901	12.148388	12.152066
449	20.739775	20.673273	20.331842	20.10285	20.798969	20.724991	20.468662	20.762581
450	29.559402	29.599503	35.084648	25.056967	32.595875	30.398451	35.120056	31.786106
451	9.369276	10.188424	9.013076	10.428185	9.604235	10.027889	10.192425	8.490683
452	31.931675	11.000577	31.420589	6.184798	31.043056	30.88327	8.246432	36.8134
453	18.334517	11.414526	16.226364	15.91262	17.129356	13.205615	16.357855	14.882749
454	13.377306	10.759885	18.458475	9.011107	12.923806	15.933516	18.993412	20.227087
455	51.419228	41.859482	40.60424	41.416634	52.09111	24.468479	77.985115	16.464689
456	8.779716	12.990139	5.724799	3.775673	11.198978	5.231438	4.110162	8.359261
457	6.384723	6.808064	6.135509	6.408753	6.05485	5.843727	5.563041	5.94315
458	13.62568	13.879545	13.780814	14.506462	14.673194	13.609358	13.397879	14.271663
459	9.567653	3.726787	7.80277	21.007145	17.524822	5.677711	8.354109	18.701134
460	10.528076	15.672871	16.93796	18.310558	8.464962	2.646134	9.400952	0.607441
461	6.94975	6.899016	6.87077	6.982691	7.081811	6.925877	6.85254	6.860733
462	2.434516	2.059465	1.186967	3.319098	2.247286	3.027686	1.628194	1.690215
463	14.619237	14.208273	14.773945	14.213458	14.449377	14.497358	14.570943	14.163443
464	6.115744	5.672075	6.78028	5.955867	5.563735	5.457788	6.721046	6.225069
465	26.641624	22.714445	6.050886	27.251741	33.563259	30.073227	29.299561	15.252743
466	1.116283	0.770991	0.893005	1.252669	1.489746	2.330737	2.53832	2.192579
467	1.492714	1.391911	1.608783	1.398258	1.538837	1.498198	1.716153	1.568601
468	5.844325	5.800456	5.666325	5.789216	5.698819	5.599627	5.620613	5.766114
469	0.987459	1.098167	1.061886	0.345801	0.252514	0.901961	0.860439	0.391237
470	10.665729	14.274487	13.738624	17.198328	15.042729	13.382255	15.642648	16.181992
471	13.656799	14.241287	14.664432	13.846539	12.430462	14.128189	13.503663	13.522818
472	10.067336	10.166713	9.274611	9.023044	8.677768	10.15973	9.786228	10.023593
473	0.046664	0.065304	0.050615	0.049509	0.025741	0.03798	0.059765	0.060447
474	3.3023	6.231012	4.009813	7.647958	18.073345	11.418687	14.319018	13.743669
475	26.633318	15.183215	21.915424	21.475492	18.588558	19.316746	21.243502	15.275063
476	1.03404	1.025826	1.055597	1.250174	1.344764	1.299093	1.149737	1.415878
477	1.092849	1.085407	1.07523	1.09683	1.11468	1.116279	1.094228	1.120281
478	2.225473	1.536816	3.604492	3.713286	1.813839	2.826731	3.574975	1.16485
479	0.3203	0.587636	0.552045	0.643219	0.710058	0.390988	0.463915	0.403773
480	36.896034	37.578995	34.782867	37.487366	34.363457	35.890797	36.9939	36.781101
481	10.387033	7.75581	8.720277	8.17681	10.646613	12.555634	10.346869	13.312099
482	43.563072	41.744709	36.956284	35.549427	35.415401	35.696465	35.400162	40.449749
483	11.45014	9.448809	9.139528	11.776016	9.679092	9.150867	9.382688	11.861722
484	0.859871	0.831595	0.816727	0.790328	0.869637	0.855791	0.846255	0.843888
485	2.508904	2.680366	3.990961	1.435826	2.374097	3.334628	0.79858	2.366791
486	6.409166	5.989092	5.961989	6.508217	7.183958	6.291683	7.682425	7.981162
487	0.338553	0.630008	0.392362	0.033792	0.300488	0.635524	0.715961	0.349187
488	31.746021	28.589678	29.610212	18.19482	36.587482	51.481403	22.661598	26.505127
489	3.679415	3.138144	2.409154	4.237107	2.326506	2.908942	4.823831	3.47208
490	24.973789	12.721477	23.425804	14.297666	23.218382	23.949659	19.299028	22.234556
491	10.082602	18.670353	19.282524	7.404376	8.530074	4.748222	20.124392	20.925535
492	6.818304	7.31671	8.162865	6.38141	7.941775	5.837495	6.664672	7.495643
493	9.528937	10.296343	9.455817	10.121036	8.919089	9.29922	9.908981	9.747917
494	4.835499	5.147475	3.845515	3.33937	4.438381	3.753412	4.973179	4.906079
495	3.66108	30.43824	33.153023	24.543581	34.175171	34.878269	22.257618	21.72983
496	5.316156	6.904312	5.921465	5.115522	4.756696	4.876966	5.703412	7.150988
497	16.145658	18.953573	18.219488	15.928813	15.631212	18.079353	13.565085	18.646999
498	5.643692	4.776068	4.455213	8.669481	5.454612	4.866677	8.990384	7.383289
499	4.396671	5.979634	5.736086	4.611633	4.317581	5.350775	4.733566	5.15053
500	8.389355	5.527986	18.568924	9.420646	15.743669	12.388773	1.584328	1.482053
501	35.141354	44.429161	41.867638	45.198677	33.80125	36.845676	34.167885	48.15303
502	2.662524	2.667263	2.808787	2.73172	2.762582	2.774816	2.73601	2.698984
503	8.830569	7.831864	8.313984	4.918376	6.464897	7.8904	5.924771	10.524098
504	13.40676	11.872324	9.261062	14.532711	11.292734	11.480534	12.618035	9.653167
505	14.812268	10.173444	12.922051	14.014554	10.702015	12.619751	11.749652	8.559535
506	13.185963	12.671726	12.858553	13.103424	12.52954	13.087722	12.697762	12.735508
507	15.347036	12.506146	10.441908	13.890251	6.359112	12.717726	14.916261	8.615153
508	11.927191	12.008045	12.874993	10.988889	9.701435	10.078951	7.652383	11.27401
509	2.930889	2.676491	2.4591	2.417473	2.887038	2.7714	2.419568	2.495365
510	31.479748	12.322146	18.227795	21.743443	24.162333	23.927053	30.426081	31.24753
511	0.142016	0.178096	0.165628	0.175544	0.163618	0.167529	0.166708	0.169057
512	1.986383	2.096016	2.008634	2.307897	1.716224	1.454665	2.365889	2.221931
513	17.616444	15.631295	19.656092	15.931152	13.705844	12.172441	16.93125	19.537855
514	5.438594	23.695795	23.555183	21.470228	29.285414	22.754728	16.909786	21.87281
515	0.235788	0.317763	0.103209	0.320843	0.078033	0.283632	0.232915	0.133359
516	9.895714	6.771239	9.455456	7.198606	11.831072	8.81231	12.334704	9.016602
517	7.258309	5.7273	6.819052	3.386544	3.724443	7.377855	7.309497	3.706679
518	1.556327	1.266383	1.524701	1.391118	1.50018	1.382483	1.461131	1.508331
519	16.908937	22.481525	18.513136	15.044578	19.141768	17.820211	19.887897	15.206034
520	39.111248	21.346205	39.997765	54.251701	46.683556	38.640659	23.215178	52.966503
521	6.016605	0.63946	6.583645	4.525608	0.495513	2.556138	4.850964	4.141699
522	7.39848	7.651592	6.664245	7.044932	6.667786	6.997657	7.122191	7.209659
523	13.366151	23.092392	20.804131	17.629795	17.14677	14.507814	26.45652	15.826888
524	4.423088	3.120758	2.008332	0.809752	1.100391	1.287116	3.481972	3.922396
525	4.451808	4.757689	1.921775	3.642514	1.95275	3.70628	4.274325	1.453644
526	5.113372	3.932865	4.486203	3.919058	6.479745	4.230712	7.398179	6.919648
527	0.329474	0.259467	0.364299	0.417252	0.532028	0.601989	0.542198	0.385442
528	33.91547	29.062914	36.360985	28.639414	30.562456	28.762695	25.484594	40.056999
529	23.585457	15.665187	22.884575	20.486547	23.638132	22.949192	13.21864	17.346214
530	3.224506	4.243174	4.553651	5.179106	3.52096	3.654367	3.520638	5.142868
531	55.487667	25.870348	56.94743	33.264168	38.529617	49.759296	36.715649	28.046928
532	9.475239	7.649714	9.301949	9.90578	10.309563	9.906238	6.731034	9.612405
533	7.722236	8.122966	6.770431	7.691958	6.774558	6.190475	8.054834	5.079484
534	3.209629	21.679722	22.495005	16.634268	12.738722	12.29594	9.649659	15.887328
535	0.877606	0.931779	1.064893	0.819198	0.703129	0.904059	0.859987	0.887311
536	0.387121	0.500791	0.492287	0.553275	0.269899	0.658582	0.469435	0.578059
537	5.122015	4.295712	4.37337	4.684357	4.817996	4.237093	4.152232	4.446438
538	2.795293	3.984312	4.087481	3.292959	3.841797	3.200182	3.756449	3.871308
539	48.623772	48.382225	44.691269	42.053642	32.52293	44.456917	43.275852	33.053158
540	13.701031	8.74677	12.315603	10.617665	11.671576	12.759197	5.975501	11.322197
541	2.712069	1.545718	2.356539	2.66317	2.999029	1.772369	2.004868	3.152374
542	11.760436	8.524405	11.328721	16.534269	12.301082	12.40705	13.256673	9.940233
543	4.293539	4.257929	4.300759	4.255612	4.285407	4.261374	4.259154	4.269255
544	27.159208	29.87114	32.210003	26.471405	27.931349	31.926695	27.139414	28.60943
545	0.624638	0.616844	0.620928	0.61922	0.619137	0.618559	0.615155	0.61545
546	1.837766	1.502021	1.586741	2.481863	2.143721	1.196542	1.937366	1.570394
547	2.753091	0.81918	1.755285	1.140003	0.788033	0.830204	1.040878	0.883378
548	7.877824	11.326392	10.773952	17.957193	15.865595	10.078963	13.423107	9.302799
549	11.997202	13.779596	10.43855	14.530243	15.992134	14.573325	10.220197	10.92322
550	10.852751	3.751486	9.79978	3.97298	6.278136	11.258314	10.968158	11.545145
551	4.174847	3.532109	3.186273	4.374931	4.666892	4.505586	4.660951	3.652628
552	6.086376	6.229134	6.003292	5.855315	5.708613	6.229214	6.04229	5.510742
553	18.074793	16.88488	14.219749	23.553289	14.887588	8.508415	19.29121	20.637537
554	0.483076	0.295485	0.375032	0.419116	0.336406	0.360581	0.427583	0.417121
555	1.168439	1.021185	1.169793	1.145273	1.081929	1.130319	0.881181	0.68309
556	2.70999	2.687649	2.735371	2.70286	2.695694	2.696476	2.730961	2.656244
557	9.916681	7.303079	11.023725	10.551665	6.351556	10.985041	6.489084	11.100716
558	2.020855	2.934364	2.287779	2.904003	2.948683	2.61031	2.317378	2.9296
559	8.020301	7.266021	7.379527	7.369861	7.660859	7.681573	7.579576	7.520545
560	8.731307	5.826794	6.631763	7.158349	6.511203	4.663404	6.432928	4.07871
561	2.546916	2.069524	2.062948	2.177792	2.637904	2.824712	1.80108	2.060126
562	17.853821	18.458235	16.862061	12.808474	15.497283	13.850816	16.340326	15.092548
563	5.392467	2.945326	3.145897	4.06564	6.158714	3.258767	2.050929	5.542132
564	27.631645	27.631514	27.659153	27.709164	27.619751	27.603165	27.661617	27.637043
565	1.125969	6.146958	19.199594	2.49454	15.393363	1.888758	14.357737	3.016681
566	0.9895	0.396705	1.15976	0.535769	0.911236	0.735898	0.584202	0.323716
567	5.71055	6.184994	5.015857	2.235556	2.51091	5.113328	4.271998	4.505378
568	18.09568	18.194904	18.285177	18.100513	18.093225	17.823742	17.578196	18.063927
569	44.995018	11.991796	23.486843	34.119755	22.867441	31.759161	43.286167	17.917372
570	4.556924	3.733792	4.353584	4.616768	4.618099	4.600091	4.74367	4.521228
571	18.829855	12.785998	14.667485	9.610878	16.597872	12.919259	11.478123	7.164643
572	1.220092	2.081482	1.893737	1.336275	0.918741	1.520526	2.233698	1.193861
573	20.985687	21.26273	17.983604	24.331837	29.718922	16.028467	21.663118	19.438589
574	0.642348	3.002714	1.058358	1.833763	1.930403	1.002762	0.550219	0.751853
575	5.690068	6.055434	5.519004	5.397184	6.197049	5.88333	5.550276	6.153597
576	10.555077	15.527084	12.600651	7.598797	14.012944	15.556278	12.023048	12.369345
577	5.256421	7.111087	2.672196	5.641875	6.182807	3.871852	6.183593	5.417693
578	13.22541	17.421309	12.543398	15.148675	14.595101	16.257982	14.74217	16.762447
579	12.807242	8.848636	12.894535	10.853667	13.488517	11.838551	10.25686	11.833274
580	0.34771	0.330112	0.289787	0.280282	0.368687	0.241566	0.337282	0.328641
581	3.009013	2.494754	2.406139	2.970619	1.960636	2.749926	3.383798	2.453207
582	25.369331	24.720951	29.176025	30.35483	23.4184	23.943464	20.967505	26.75441
583	21.397125	20.636833	19.105793	20.260704	23.687969	22.725979	23.618372	21.305052
584	19.725523	35.451664	34.354824	29.765726	31.001747	42.100254	10.355083	9.997599
585	1.658693	1.513805	1.364623	1.666519	1.375813	1.688915	1.381759	1.530669
586	0.100706	0.103628	0.096015	0.099811	0.106395	0.104251	0.099082	0.106463
587	28.250008	29.077738	37.231789	25.559996	54.669807	40.364182	51.668549	34.178001
588	9.516094	5.499888	8.404849	7.511456	6.810734	6.187743	11.96334	8.100978
589	8.068879	7.816523	8.53843	8.104357	7.806303	8.152566	8.378444	8.377497
590	5.812258	6.059229	9.719714	10.0341	9.692245	7.297023	7.213664	8.660116
591	11.040328	5.201658	9.513807	9.827247	9.882297	9.276423	9.430264	7.077268
592	6.162227	4.185549	5.216289	3.764068	5.513448	3.602721	4.257927	3.959809
593	2.795407	3.055855	2.598382	3.378908	2.041469	3.217403	3.329291	3.100578
594	45.107182	31.531128	42.334427	44.626972	31.961786	42.50592	30.583353	45.278687
595	7.849698	7.852486	7.843072	7.85882	7.854393	7.857829	7.858668	7.855812
596	7.42434	9.011378	9.127853	1.771503	8.421037	9.223862	7.793488	4.105151
597	15.391597	15.660216	14.357094	14.018504	13.072966	14.419047	11.653339	11.764694
598	28.237259	23.627129	12.491733	24.290058	28.916424	24.104593	10.886211	30.184439
599	4.850615	5.573189	5.687205	5.574884	5.110961	4.441259	5.82485	5.21026
600	3.18173	2.943863	3.319466	3.312765	3.222842	3.418528	3.218668	3.237312
601	14.843667	14.876933	13.190839	12.512615	12.481089	13.861404	13.697451	13.321886
602	0.80076	0.734513	0.80871	0.766052	0.787365	0.769879	0.724394	0.73189
603	7.364407	9.290514	7.58867	5.564207	4.935739	9.638467	5.296592	5.448441
604	8.188895	9.769825	7.889394	9.470437	9.666875	9.791399	10.667365	10.152216
605	6.456164	12.630854	8.05308	14.107777	13.736757	11.659679	11.121154	10.992115
606	1.61536	3.96385	1.56295	6.01398	2.430286	5.892741	7.143833	1.93151
607	5.335318	11.01943	10.718682	9.859342	8.045729	9.551616	11.010017	9.074304
608	8.964824	9.722319	7.089452	8.501833	9.656088	8.645657	12.046945	9.856862
609	8.353995	13.625416	11.479007	22.327587	14.621518	20.198112	20.163084	22.097387
610	22.088118	21.870964	22.141216	22.162882	22.195396	22.025442	22.355042	22.452021
611	0.165409	0.152196	0.163321	0.164033	0.160061	0.154406	0.156908	0.165586
612	5.925023	2.539124	2.908059	1.897739	1.398138	3.204165	2.91233	3.533652
613	6.549528	6.097813	6.906444	5.98688	6.063424	5.996617	6.018658	5.874833
614	20.962797	21.161865	21.230238	20.877666	20.843256	20.935026	20.998693	20.862984
615	0.718753	0.650053	0.728221	0.718531	0.695229	0.733256	0.50924	0.718704
616	29.604599	17.595043	35.453522	34.414074	23.921127	32.444118	32.316704	15.074266
617	8.164437	7.664732	5.566486	8.64292	7.360074	8.585379	8.590498	8.666254
618	6.422817	8.729624	11.333887	5.983504	10.253684	8.230544	10.428869	7.89784
619	22.296185	20.936735	21.079168	21.085566	21.192942	20.77215	20.153383	21.159657
620	7.144004	9.120331	3.692504	11.182428	5.748176	13.960305	4.523863	18.957785
621	1.408604	1.407899	1.148972	1.402552	1.471771	1.377108	1.059327	1.390557
622	10.61514	9.455005	9.639857	9.060577	7.719979	12.528014	8.460095	7.446872
623	9.062918	7.846091	9.621579	8.355984	10.296412	10.059223	9.00022	10.030627
624	15.487248	16.395136	15.319032	30.614058	18.069128	14.680701	22.694239	26.871534
625	1.417497	1.529624	1.639874	1.368538	1.601959	0.446446	1.148537	1.013351
626	1.49857	2.730453	0.95261	2.970199	2.19004	1.8191	2.382393	1.696879
627	31.477695	2.28919	11.039161	32.092911	16.935162	6.944067	20.739832	9.454198
628	37.197243	37.478477	37.638889	36.589737	36.351421	36.298748	35.155834	35.265312
629	1.058847	1.475117	1.453836	1.250656	0.958072	1.145148	2.025522	1.394459
630	2.591094	2.508906	2.009506	3.12444	2.172703	3.053168	2.713857	2.731871
631	5.901007	6.399569	2.957127	6.037951	4.839486	1.866885	6.083963	6.743485
632	42.183521	44.583935	40.778267	44.176857	45.238216	45.855732	42.229591	46.349934
633	3.202181	4.34531	2.487819	3.951631	3.676161	2.189256	3.450179	4.038983
634	2.134025	1.754206	1.82436	2.17188	1.977921	1.794331	1.98575	1.668758
635	4.44682	3.280422	1.816838	3.135047	2.445298	1.405409	1.150544	1.950376
636	1.212309	0.800152	1.177481	1.249827	1.238186	0.879978	1.237804	1.169956
637	10.136709	9.678717	9.753594	9.603262	9.646546	9.506249	9.435306	9.256784
638	4.820424	4.068308	3.912779	3.5295	3.831169	5.026253	4.323507	3.380636
639	4.836217	5.106271	5.393337	5.051342	5.318282	5.913074	5.26092	4.348542
640	3.775483	3.644265	3.400919	3.700606	3.551144	3.585837	3.479087	3.86499
641	22.426214	12.721647	10.820659	17.077497	23.350956	12.976554	22.048929	13.729222
642	0.072635	0.220585	0.251621	0.149712	0.212153	0.257747	0.475625	0.120226
643	0.311465	0.484128	0.398812	0.347943	0.605501	0.575036	0.55799	0.458097
644	1.201581	0.684868	2.209518	2.286736	2.418215	2.373283	0.409758	0.885826
645	10.344059	8.322913	10.457996	5.882684	9.318797	9.178584	10.641546	6.595684
646	20.342834	22.825045	21.141691	23.871115	26.292076	13.851056	17.230873	25.55044
647	44.197418	27.353533	41.705166	43.743958	52.863796	38.768158	7.296136	61.699722
648	21.12746	26.368828	26.222097	29.046652	23.579464	23.81102	25.820787	31.142344
649	10.63451	7.971645	10.102597	9.000549	10.833448	9.803403	14.694411	11.96445
650	0.290424	0.384213	0.853141	0.605593	0.743616	0.414398	0.626064	0.833341
651	1.455598	2.344688	2.089883	2.710129	1.743945	2.295454	2.982146	0.605616
652	28.802933	28.189236	29.128361	18.204805	25.620592	30.644411	25.388956	33.587257
653	1.818485	1.785018	2.482034	2.59515	2.041184	2.670953	1.785119	1.73442
654	2.242028	1.193278	1.972811	2.257074	2.191162	2.405079	1.994381	2.279094
655	6.833404	3.267625	3.932724	5.10132	5.319701	7.579652	4.373757	5.645144
656	1.626209	2.130737	2.454232	2.126765	1.603608	2.203402	1.696533	1.979549
657	1.145914	4.828233	4.610711	7.974329	1.909907	8.031739	4.218364	4.929481
658	19.248564	15.756668	18.50296	16.953047	19.224157	17.894081	18.129023	16.518242
659	0.559796	0.702142	0.423499	0.343306	0.514676	0.537879	0.363141	0.647751
660	7.160768	7.193259	7.151093	7.167372	7.202754	7.218278	7.154622	7.178892
661	6.841087	15.296902	8.892074	10.66742	6.537695	13.369636	14.20763	9.741071
662	16.109936	19.665661	20.432251	13.254824	18.69257	12.259892	18.66523	16.199669
663	6.640351	5.761127	6.089651	6.804177	4.73542	5.934366	5.937565	5.513153
664	16.073318	19.654118	23.737461	26.71393	19.124638	20.273207	22.468985	22.625189
665	6.904898	6.233921	6.27153	6.982085	7.065664	6.137053	4.302268	4.39963
666	0.188183	0.189716	0.198051	0.210875	0.214174	0.237124	0.192732	0.22673
667	30.278637	32.475975	30.675398	29.357639	24.195314	30.160391	34.061104	32.523869
668	22.30611	22.495365	28.158491	22.555349	28.911415	22.911684	16.192379	13.962743
669	10.020482	11.462952	12.427518	8.437037	13.098565	10.726173	5.932033	11.639211
670	18.55596	19.175449	18.741587	19.077106	17.817495	19.270638	19.229214	19.140514
671	16.869261	9.848514	3.534158	13.873867	4.87402	3.560179	3.407145	12.221224
672	5.426968	15.286291	9.359476	14.396794	10.452795	17.047903	11.578647	12.171458
673	4.987927	5.282165	4.704861	5.175869	4.693693	4.598898	4.369524	4.460814
674	20.410702	33.281639	29.962147	34.788391	30.911747	10.69498	44.863312	19.411596
675	3.295763	5.32768	6.665157	7.575364	6.0879	4.119303	7.068547	4.471985
676	1.853023	1.433945	1.894644	1.545545	1.635498	1.435269	1.70683	2.174601
677	1.260061	5.521755	4.574545	4.985415	4.5467	5.24865	4.126172	4.224315
678	2.045728	2.221097	1.84205	1.874269	2.189343	2.375919	2.038052	2.38825
679	6.5857	5.770364	5.851597	5.9377	6.611993	6.255365	7.005977	6.061637
680	2.555348	2.639865	2.669187	2.62831	2.639453	2.614877	2.704268	2.614618
681	14.470533	13.388699	18.688244	18.208729	15.44427	14.82936	9.242795	6.904082
682	4.828838	4.767171	4.850796	4.816904	4.872538	4.821768	4.854921	4.850305
683	2.606198	2.411173	2.606767	2.931115	2.627769	2.734564	2.955053	3.369072
684	10.23063	13.508481	13.356753	14.499865	17.593241	12.9208	16.830219	13.466539
685	10.063668	9.685403	10.416227	7.90496	10.098299	9.335057	10.502874	9.793613
686	7.943291	12.139267	12.971478	7.240839	3.980128	12.510484	9.221478	15.583029
687	1.125639	0.916716	2.672613	0.690466	1.966224	3.347896	1.323227	1.466972
688	1.465373	2.103401	2.514503	1.339229	2.050207	2.500504	1.359267	2.304941
689	2.588938	5.101744	2.401537	4.239695	4.95377	5.63118	2.970735	4.567369
690	3.551683	7.954468	7.680789	4.42487	4.446708	5.880328	5.549607	5.160428
691	1.065492	1.109142	1.169084	1.165614	1.147147	1.092233	1.218077	1.18701
692	9.866624	7.307048	7.224692	7.655265	13.639783	9.02373	10.446954	6.853184
693	3.760222	4.419929	1.986867	3.596842	3.31096	2.759961	3.537624	2.517368
694	32.693352	31.585314	25.72908	29.020685	33.693859	28.935265	29.398144	26.667255
695	1.128237	0.654659	1.371372	1.050951	1.520976	1.364881	1.35436	1.930818
696	0.294405	0.295526	0.302789	0.313668	0.308983	0.297808	0.31263	0.323783
697	6.927206	6.306434	7.497408	7.464686	6.796983	5.370652	7.371526	5.82049
698	7.719935	12.145043	7.276854	8.735944	9.341166	10.689629	9.356819	10.401261
699	4.744296	4.818765	5.404416	5.078061	4.116546	5.38631	4.518543	3.720566
700	3.023709	3.935862	3.186072	3.631539	3.441806	3.383228	3.459305	2.801331
701	14.569345	14.589603	14.401744	14.471066	14.607503	14.662738	14.628242	14.620921
702	2.805858	2.805853	2.929357	2.930316	2.945217	3.028386	2.81475	2.842455
703	1.919628	1.993412	1.943775	1.944942	1.965444	1.961356	1.94962	1.994459
704	6.999575	7.487972	6.314476	6.794291	7.208642	7.077849	7.27915	6.438449
705	3.936704	6.983819	3.661317	3.384798	1.039212	4.696188	4.089123	1.899525
706	3.710919	3.849441	3.958538	4.017119	3.70848	3.972489	4.191837	4.129091
707	1.366608	1.546202	1.220883	1.4539	1.557696	1.009348	1.375066	1.434737
708	1.540497	1.264027	1.497807	1.368232	1.736125	1.479339	1.134107	1.395492
709	35.41383	63.865646	21.754839	31.519234	61.580418	47.972458	57.741096	72.962479
710	5.00251	6.834972	5.808665	8.568645	7.641482	6.679115	2.540761	9.953858
711	8.018195	7.477011	10.932731	7.596831	7.620799	7.126815	6.295829	9.028743
712	5.125814	3.428666	4.430733	5.938731	5.309298	5.322847	5.19085	5.617809
713	16.89274	17.034245	9.890592	7.622869	5.630682	16.473888	8.579927	16.838423
714	18.227278	18.903595	20.544205	25.800667	22.198183	25.467503	26.157707	15.788594
715	5.707355	8.874901	11.887508	11.064651	8.962227	7.064727	13.766501	13.998396
716	1.205058	2.092025	1.162709	1.715271	2.186599	1.667291	1.247381	1.447022
717	11.573364	11.530447	11.519049	11.608827	11.524037	11.519626	11.636958	11.724689
718	14.683044	17.471098	14.867185	14.406718	15.399024	14.152646	14.988849	15.732528
719	9.911014	10.474016	10.185798	9.433273	9.553159	9.229437	9.504166	9.620636
720	15.42312	18.146276	18.855206	17.953613	9.251105	11.399552	22.414396	19.793499
721	10.261007	8.65078	7.481769	3.742168	3.775756	6.80263	5.71181	8.211461
722	2.353948	2.386435	2.537159	2.40372	2.577208	2.445499	2.437716	2.414252
723	15.038422	13.60438	16.123919	12.771881	18.713461	17.559896	17.206047	15.945249
724	8.640899	5.900171	8.506715	3.255007	9.117213	9.39083	9.650399	6.572007
725	0.583433	0.620323	0.732904	0.583057	0.751155	0.628841	0.50112	0.386034
726	3.633304	2.656736	3.768331	2.162491	2.546383	2.983753	1.809319	3.303615
727	20.859758	9.806369	13.967928	11.839286	11.687222	11.001793	11.347984	12.799335
728	8.517721	3.764312	6.940336	7.295711	3.061426	6.272568	10.055663	3.969379
729	6.833876	13.295955	5.107909	8.981229	5.382626	6.928133	11.195039	5.141534
730	11.219891	10.481873	7.985813	4.362598	8.400809	9.436272	7.996253	9.237396
731	11.924841	11.34533	14.577187	8.289889	7.6985	6.357013	15.008362	4.079823
732	8.346442	8.38368	6.869681	7.842492	7.84351	6.400332	5.469575	7.043247
733	4.597626	4.032917	5.345352	4.888042	4.900414	3.210714	3.454885	4.863103
734	2.555183	2.842505	1.386709	1.812738	2.790307	3.112087	4.266845	4.474491
735	3.081902	6.000188	4.440351	6.09983	6.208078	6.477901	3.9677	5.753744
736	15.519159	15.503056	21.628225	15.675098	17.292482	13.505929	13.096193	18.981272
737	22.430182	22.399332	22.425295	22.440304	22.398897	22.395624	22.415838	22.400923
738	17.462652	23.305906	19.42683	25.000181	11.38763	17.023241	26.914711	22.507971
739	6.357143	6.419843	5.762694	5.00722	6.429502	4.662452	4.837916	3.714112
740	4.018603	4.195879	3.661888	4.147908	2.785285	4.258463	3.456602	4.497047
741	10.667742	12.426167	11.430091	10.760772	8.873512	11.211155	11.795872	12.041726
742	8.899778	18.151608	11.551033	11.350126	7.665108	12.625693	11.051212	13.611551
743	27.931305	9.660713	30.215769	19.07855	34.98243	31.975714	33.317375	11.618438
744	3.777735	2.712979	2.94624	2.757313	3.24749	3.164446	5.075217	3.224629
745	3.498213	2.794079	3.487084	3.423461	3.163696	2.689837	3.39804	3.270297
746	3.47571	6.715938	3.766104	6.669712	3.963885	6.402174	4.798718	4.192586
747	29.729652	36.547428	19.778799	36.242687	22.226578	23.363672	16.86302	29.336843
748	3.153104	2.130495	2.359436	3.120569	3.43701	4.39819	2.483232	4.053309
749	17.825798	15.828067	18.897524	16.900707	17.280922	18.054178	15.712375	15.487669
750	58.60635	65.567184	49.293831	57.597248	41.852402	54.466431	47.277588	58.020237
751	20.310579	14.543321	15.945425	19.790068	22.172338	10.553332	5.31464	9.092683
752	24.984222	20.083784	14.025613	38.910084	21.174965	34.990032	20.803215	26.693729
753	0.037422	0.031322	0.037023	0.027366	0.028965	0.030753	0.030498	0.034128
754	11.207347	21.572533	24.6415	20.787558	20.047506	15.592552	14.558075	23.720606
755	0.360703	0.28179	0.44534	0.436494	0.445791	0.204849	0.429612	0.444571
756	2.712993	0.530406	2.588966	2.09752	3.837993	3.590111	2.140467	3.180492
757	41.577545	35.983482	39.100075	24.0886	30.234051	16.561251	20.778696	30.648724
758	18.111862	18.508324	15.435825	16.242081	14.110392	11.544303	17.057232	18.517254
759	3.569996	11.805766	4.392099	6.581496	11.31036	6.172418	11.992358	11.784597
760	2.332691	2.670664	1.432371	1.506614	1.753567	2.202798	1.623808	1.628676
761	9.086576	10.201529	9.089331	8.797832	10.193393	9.601566	9.704552	9.743933
762	11.54448	12.743672	11.877903	11.861521	10.816354	11.33917	13.167171	11.15271
763	6.052781	6.108387	6.15907	6.031092	6.103433	6.199512	5.975596	6.103976
764	1.907246	1.529059	2.218322	2.115784	2.121439	2.152972	1.658724	1.641552
765	0.280803	0.288223	0.381656	0.396161	0.32406	0.480031	0.227718	0.359881
766	27.607372	52.033546	50.685684	42.735062	11.346198	46.181591	29.985453	48.112392
767	7.533728	6.250595	8.165427	4.517345	7.571157	6.850467	6.015594	8.516242
768	19.961653	20.500034	23.989889	17.938259	19.816189	22.117853	19.081535	20.063223
769	0.669232	0.833396	0.79101	0.072624	0.773026	0.9053	0.675768	0.512915
770	15.041912	22.313782	14.902395	16.221773	18.740139	21.43375	18.893177	19.480623
771	2.684243	7.926398	3.007859	2.312672	11.447671	3.532604	10.698408	2.564922
772	6.48237	6.592167	6.739573	6.34159	6.753988	6.446795	6.575554	6.610726
773	2.53503	3.031983	3.715185	0.701758	0.319661	1.825334	3.424836	3.655674
774	5.633108	14.392302	8.164604	8.941576	8.190586	12.237736	6.799408	14.823823
775	4.088985	2.329084	2.833315	3.60938	1.740258	2.832931	3.824447	3.079398
776	2.872664	2.282645	1.90817	3.575347	2.656507	3.078776	2.880142	1.452513
777	6.387821	9.07678	7.06479	3.984746	6.540755	8.853178	9.153695	5.923342
778	0.551086	0.569555	0.532251	0.373358	0.588557	0.580244	0.50475	0.568781
779	18.314434	18.60681	20.034887	19.78636	17.621555	15.040833	15.879127	17.460123
780	9.597596	11.937084	13.022973	14.20173	11.414184	12.78651	6.564889	7.82593
781	4.785655	9.826102	10.136484	8.53693	13.66352	14.453218	13.665638	8.19663
782	15.388353	38.892696	27.146202	29.46159	26.282568	31.044247	28.059774	16.14813
783	11.845778	8.450185	10.076177	9.535956	13.564149	12.640492	8.250475	8.845027
784	24.858416	24.833391	23.249498	22.976046	22.852085	24.320873	22.403278	24.864536
785	16.765259	16.453175	19.722166	13.645101	19.720833	15.247771	18.590096	17.959984
786	8.16333	7.950146	7.897805	7.977177	8.087429	7.875273	7.975179	7.944556
787	1.268308	1.277649	1.215816	1.234519	1.278078	1.224739	1.051991	1.278627
788	56.828011	43.402225	37.223392	39.67643	44.700714	43.03685	44.247601	56.234398
789	1.26217	1.584691	1.466033	1.412683	1.591082	1.528384	1.28786	1.490638
790	17.966564	5.302344	3.764317	16.66485	18.415283	3.322163	16.610064	0.538549
791	26.486221	26.368265	26.215897	26.551073	26.313936	26.25695	26.486032	26.282074
792	9.006601	12.417667	13.368091	9.637782	13.589751	7.972877	9.611432	9.983071
793	15.19292	11.776687	6.365234	6.064296	15.524726	14.235827	14.163304	8.987661
794	0.569327	0.619612	0.387847	0.621467	0.396386	0.413853	0.429406	0.53699
795	4.246367	2.456202	1.701823	2.277805	2.488923	2.191839	2.542382	1.964714
796	4.519953	7.36089	7.156744	3.834339	5.669106	7.667831	7.191946	6.370749
797	26.198704	40.438011	39.707554	27.900034	30.983303	36.063652	23.961517	28.134066
798	0.461331	0.460484	0.457956	0.465322	0.434897	0.427267	0.482524	0.457971
799	4.989852	4.995946	4.986315	4.947565	4.852198	4.657354	4.757642	4.804057
800	3.771333	2.576231	5.391101	3.027849	4.103998	1.917374	3.796782	1.923623
801	15.710735	11.202501	23.688148	15.235413	15.361397	15.823026	11.00809	16.596708
802	23.684345	3.987065	16.485521	21.464569	14.772788	29.173578	7.484002	26.788841
803	7.726573	8.263113	7.446584	7.279251	7.400141	8.009197	7.454187	8.986034
804	1.538731	1.477993	1.522398	1.646567	1.270994	1.657503	1.564845	1.980231
805	18.267405	21.285301	20.98081	19.107269	19.944149	18.563856	21.81517	17.647453
806	18.741449	17.092766	18.55555	19.424253	17.401928	19.000715	17.636053	17.97134
807	7.307509	3.060482	8.80731	17.312014	18.231112	4.781148	21.886436	3.392355
808	8.181768	7.642822	4.656983	6.327471	2.611657	5.332506	5.628921	9.16781
809	8.515094	8.408243	8.364296	8.380487	8.382733	8.523272	8.353512	8.344091
810	12.186744	12.610852	11.727996	12.357	11.655692	12.487691	12.549485	13.036544
811	41.961468	43.361732	40.045277	45.473194	45.620155	40.80159	44.293476	39.799892
812	19.960995	16.715519	16.894876	10.716302	16.601185	25.927509	17.069761	14.622261
813	14.240889	13.169651	15.662836	12.535172	11.75724	8.408504	6.678546	17.369905
814	3.535065	4.205804	4.318192	4.200244	3.492478	2.604966	4.592245	4.278117
815	0.887984	0.987444	1.024261	0.934564	0.530984	0.812053	0.594392	1.099491
816	33.580502	29.498901	39.167164	22.2047	30.540424	37.192558	23.605894	33.344402
817	4.010342	3.535501	3.635708	3.859863	3.568407	3.748202	3.762836	3.82822
818	5.834723	5.794293	5.677758	5.008796	3.418852	4.679347	5.252354	4.294899
819	0.434443	0.36254	0.384645	0.386327	0.355828	0.478642	0.700281	0.695068
820	0.545203	0.25706	0.937022	0.718359	0.392448	0.85763	0.771783	0.327753
821	4.753986	6.009165	5.693922	5.802608	3.433699	3.757638	5.689679	4.913429
822	12.177253	16.536879	11.126486	20.640102	8.444431	8.162302	10.376249	11.979363
823	3.934828	5.108904	4.772234	7.763077	4.544322	5.992059	4.45544	2.845317
824	5.234935	5.027338	3.356827	6.853766	5.11844	3.74676	4.511516	5.423001
825	0.146159	0.365601	0.277116	0.405464	0.395669	0.257712	0.311173	0.279403
826	0.645106	0.809681	0.549139	0.690798	0.748249	0.683526	0.806723	0.612228
827	19.47772	21.972599	19.936264	28.83782	21.074289	23.624729	31.522121	22.934603
828	2.452414	1.974201	4.552717	3.173176	2.806749	3.444507	4.349505	0.848787
829	1.424289	0.162634	1.415022	1.440703	0.331345	0.451114	0.871354	1.281623
830	17.22451	16.075071	4.375119	19.008217	15.771437	12.283134	17.514418	18.57991
831	14.781863	12.549354	9.007861	12.672957	13.521408	5.713818	16.106613	13.014422
832	14.536737	12.459598	14.965138	13.934981	12.968529	12.281852	13.049699	12.116167
833	18.39077	18.003954	18.080799	17.979166	18.437351	18.107248	18.32378	18.458416
834	34.861664	31.237303	12.769769	35.207733	6.591336	30.226534	38.936085	22.609774
835	24.806847	23.151396	24.62808	22.712309	29.235693	9.844197	24.321983	18.657963
836	1.668081	1.551215	1.838271	1.335832	1.526764	1.964742	1.414966	1.364503
837	1.974766	1.945347	1.93238	1.948624	2.016179	1.852195	1.885658	1.949623
838	9.402244	7.182085	4.62164	7.424119	10.223592	7.465933	5.732698	6.009091
839	11.616589	10.564215	11.548786	11.308342	11.582577	10.888969	10.612082	11.033245
840	1.108217	0.854817	0.750244	1.600205	1.022181	1.819487	0.701571	1.603518
841	9.102261	3.002577	8.722003	6.999009	9.235374	7.526814	6.795314	2.767643
842	13.81134	11.9529	12.911251	20.361343	21.682177	19.936136	26.002432	17.397999
843	8.667447	1.657522	8.745121	1.320573	3.501479	2.094255	10.560597	2.524159
844	2.682231	2.47688	3.510427	4.801781	3.121767	3.098015	5.588409	2.510229
845	4.71347	5.0675	4.822986	5.636014	5.95091	5.14041	4.468128	3.43691
846	8.143755	8.143526	8.157572	8.043186	8.057487	8.118051	8.008575	8.12187
847	6.840758	8.988153	10.320797	9.428285	11.974733	7.102993	8.589083	8.512094
848	1.084758	0.747945	1.216805	1.007614	0.802022	1.051823	0.926001	1.07169
849	4.503942	4.372262	3.942875	4.572596	4.565905	4.439395	4.649573	5.440158
850	3.031396	3.017708	2.568819	2.82142	3.115987	2.550293	2.441744	2.209854
851	4.808543	4.801126	4.7886	4.7829	4.807507	4.777942	4.813871	4.807567
852	30.137505	28.876972	33.417435	30.752869	26.730789	23.82036	34.064632	33.417393
853	8.480547	7.950633	8.185488	7.941571	7.931008	8.207314	7.837663	7.896116
854	4.75941	5.284335	3.79448	5.115955	7.361532	6.569913	5.192192	3.876307
855	1.723003	1.08378	1.476304	1.533114	2.225156	1.585761	0.984474	1.527538
856	11.197495	7.767636	5.818357	7.466799	6.906198	7.017612	6.844038	7.684868
857	8.492296	8.475033	8.46612	8.478282	8.462028	8.511111	8.478685	8.524649
858	12.410398	9.711727	10.615125	11.54408	9.475881	10.465639	10.459344	9.581046
859	0.489925	0.536021	0.532114	0.468081	0.460444	0.520783	0.540723	0.49048
860	6.08649	6.647755	9.096191	7.049953	16.463964	15.164848	13.16222	18.814804
861	17.379557	12.447788	19.41078	13.965273	26.369671	24.475685	25.32546	22.645815
862	0.353607	0.329425	0.297663	0.31529	0.324222	0.358786	0.325186	0.296344
863	25.114178	27.376671	16.748734	20.780087	31.966692	20.718969	28.478872	14.440858
864	0.041585	0.050479	0.056347	0.056522	0.041159	0.047233	0.021314	0.045672
865	2.676485	4.538778	4.841568	3.310779	2.46147	4.486261	5.114673	2.292158
866	3.114534	2.583019	3.783768	3.436339	4.705709	3.183556	2.520122	2.337993
867	2.903384	2.837586	3.164783	2.713271	2.662054	2.387515	2.751956	3.075587
868	7.02138	6.939525	6.876978	6.743505	6.522439	5.888222	6.925822	5.986934
869	14.517612	9.956987	12.337589	15.344221	10.660189	12.416501	13.123669	14.898426
870	2.573014	2.565782	2.707717	2.667854	2.43028	2.538837	2.426842	2.58544
871	24.702745	16.470833	47.114773	31.830786	22.958679	12.288661	15.097637	15.292485
872	0.288046	0.262069	0.286004	0.235551	0.225469	0.318122	0.334333	0.288882
873	4.527105	2.537663	2.692794	2.930246	3.686645	4.412129	4.248515	3.186445
874	2.650721	3.188966	2.920573	2.722648	3.654107	2.343631	3.394454	3.160379
875	13.635538	13.71115	13.872783	13.122516	13.674232	13.49664	13.075385	12.43928
876	16.633963	16.657806	16.436493	16.588947	16.686176	16.243731	16.548574	16.641085
877	30.98662	16.44412	18.857992	23.329227	30.01001	33.928398	18.988773	27.470413
878	47.275692	41.494289	44.302612	39.791607	40.250427	38.335251	42.750587	42.859661
879	8.557329	10.859483	6.165151	6.401306	5.438815	9.802747	7.491806	8.066886
880	2.18892	2.257123	2.066098	2.25268	2.249704	2.248383	2.187612	2.114151
881	6.557982	6.093705	5.63168	6.874073	6.737982	5.681043	6.506492	6.798122
882	15.778637	13.253569	11.919227	11.478713	16.23679	16.891661	16.949642	12.395679
883	0.035312	0.044172	0.053012	0.035597	0.034679	0.043048	0.037847	0.060467
884	1.657406	1.037671	2.208573	2.853417	2.938224	2.228515	1.704941	1.96075
885	11.013788	11.574923	9.354086	12.409245	11.123288	13.551198	12.587173	12.332976
886	5.046095	7.157575	9.038273	2.752952	8.707243	5.150429	8.027338	9.896091
887	9.269525	9.987223	7.536877	6.635382	12.033049	7.41925	10.301333	7.461839
888	1.639002	1.594556	1.648677	1.134823	1.663661	1.676496	0.919599	1.210996
889	0.939831	0.944741	0.620791	0.710069	0.776159	0.782429	0.872729	0.967412
890	6.571176	13.28232	6.780646	11.234826	9.20712	19.492508	8.943362	14.347383
891	21.182356	25.363272	12.806279	32.945431	25.768787	17.872549	21.44017	15.074243
892	9.807016	9.706295	9.805877	10.157181	9.743474	11.031233	9.432029	10.585978
893	10.639556	10.23936	8.713799	9.100935	9.834921	10.766575	9.830588	8.450577
894	18.717855	14.796542	17.5184	17.350229	16.500856	11.666259	8.049784	20.312561
895	2.952177	2.964312	3.22558	2.984038	3.001309	2.97981	3.184625	3.098448
896	0.814183	0.768982	1.915881	0.553597	0.827551	0.475831	0.602924	1.403072
897	4.463701	3.592851	5.325229	5.936114	4.122327	11.157176	7.982109	4.21332
898	7.925709	5.781649	19.358086	11.797458	6.679492	16.188887	12.859429	5.568185
899	2.215973	2.30886	2.258842	2.113091	2.045948	2.262967	2.373581	2.215984
900	8.362324	9.12661	6.006169	9.966489	9.042476	6.279475	8.149011	6.909312
901	14.101447	14.08061	14.421084	14.444242	14.57449	14.54669	14.471087	14.328816
902	3.586196	4.909576	3.060053	6.202472	4.537585	5.723229	4.288208	5.301336
903	24.878433	21.05475	25.848465	22.013163	16.085238	20.124094	22.053411	22.585104
904	6.827722	4.814313	10.90506	3.48049	8.337248	7.429192	6.353461	2.500542
905	28.569969	45.32523	16.003374	43.139183	47.644672	19.019512	17.451948	15.897064
906	2.774575	0.510332	2.627473	1.079036	1.254056	2.28337	2.809527	1.0991
907	2.759003	2.925427	2.084507	3.868405	4.100045	3.951976	4.827548	3.08784
908	4.512442	5.675171	5.166138	5.500065	4.549892	4.960966	4.782554	5.053154
909	2.200186	2.733117	1.520815	4.856493	2.863052	3.446527	8.90576	10.172783
910	4.961503	5.57918	3.858782	3.884281	5.324038	3.99411	4.129562	5.615283
911	5.052058	5.689969	5.7711	4.725384	5.660472	5.015447	5.725104	6.603723
912	5.739455	5.990209	6.039928	2.133556	4.390578	5.110007	2.780806	6.064066
913	0.091294	0.066629	0.108084	0.108649	0.08267	0.09873	0.084423	0.082431
914	7.064536	9.020105	6.938998	6.92278	8.413343	5.276652	6.160869	7.855004
915	2.116862	2.230131	2.358625	2.307322	2.000062	2.177044	2.360433	2.329603
916	5.591208	4.390417	5.457269	5.507455	5.427731	5.199365	5.036904	4.51761
917	6.588741	11.855834	32.024433	29.104782	8.893389	18.626633	30.525759	7.568745
918	12.205037	12.38448	12.10039	12.148476	12.262123	12.196546	12.3546	12.077411
919	0.509891	0.494017	0.491913	0.48309	0.527979	0.512687	0.494324	0.529803
920	20.322065	20.339205	20.297968	20.369987	20.328512	20.346256	20.364357	20.245275
921	17.137558	17.072792	16.350557	17.211998	18.360905	15.867613	18.566427	19.621143
922	1.752182	1.715044	1.50108	1.599925	1.788257	1.919299	1.555565	1.553998
923	12.327758	12.301891	4.621827	3.513169	7.792125	4.195624	21.786882	6.933507
924	5.84702	6.039775	5.571954	5.915248	5.928997	5.677544	5.74499	5.622142
925	6.457048	4.66249	5.334789	6.983938	5.771303	6.115215	7.997249	5.591894
926	8.21046	7.996323	8.032339	6.046088	7.460777	7.877467	6.737196	6.297615
927	2.444494	18.272985	8.825106	12.583946	7.7448	7.995593	12.685905	12.308235
928	3.472388	4.029527	4.516547	2.717546	3.548224	4.001167	4.083271	4.137768
929	4.174915	5.708274	5.989621	6.770265	4.753409	6.322642	6.789504	5.621871
930	7.275695	1.540165	5.147247	7.301926	4.323812	4.513318	4.353028	4.209057
931	54.950512	40.954967	36.759289	25.696844	74.587929	30.259413	33.22567	18.084747
932	9.667836	9.169292	8.924822	9.1212	10.021861	8.746449	6.734898	6.853799
933	0.474277	0.626048	0.433502	0.534861	0.479184	0.459159	0.489729	0.551681
934	2.186501	1.226501	2.332871	2.017064	0.777819	1.903252	1.867403	2.325984
935	9.631451	8.309336	7.45137	7.920238	8.3571	9.584782	10.762015	9.502373
936	10.058601	10.392478	10.233822	10.347446	10.71405	10.782902	10.252964	10.104632
937	0.470665	0.319518	0.330398	0.538249	0.496758	0.329676	0.398053	0.447212
938	11.405667	15.277964	4.746873	12.511532	13.58202	10.273181	14.341233	12.920073
939	7.776725	13.167035	10.682406	6.052564	13.92115	6.441817	12.339561	13.413269
940	11.272407	11.234583	11.3478	11.304078	11.391275	11.332212	11.588893	11.219927
941	0.908478	1.31091	0.890502	1.234669	1.751744	2.270359	0.726344	1.455187
942	7.071564	5.624	6.749695	6.598988	6.760501	6.932025	6.705126	6.595835
943	3.059822	2.433894	2.561245	2.611343	3.30167	2.669259	3.013534	3.552415
944	6.517989	6.616597	6.671106	6.608619	6.687179	6.697404	6.47668	6.564662
945	2.370528	3.700664	3.161119	2.730039	1.733214	1.356219	4.600911	1.889573
946	1.180034	1.28396	1.544835	1.219242	1.26452	1.185443	1.03901	1.134972
947	26.207952	26.63027	26.7782	27.673805	26.911575	27.146797	26.709536	28.120386
948	6.215713	7.491832	7.701803	6.458014	7.172735	7.137814	7.451159	6.902583
949	6.14568	29.990818	15.342654	14.499714	12.479881	12.340684	4.678175	36.449982
950	8.024523	4.445774	7.13543	5.324696	2.41059	4.187701	3.876008	4.22616
951	15.705749	5.281567	2.071292	9.097377	18.439337	4.123773	12.624973	13.858327
952	15.989743	14.79115	14.354648	15.101125	14.428562	16.919598	14.655022	15.750973
953	27.83473	11.794637	20.650703	15.182818	23.824266	17.690111	16.107143	19.726309
954	1.755051	3.681004	2.295874	2.238754	3.397032	1.867144	1.976513	2.355049
955	4.388305	4.327484	5.048307	3.694066	2.839354	3.709992	4.545652	4.618663
956	8.505391	20.57353	19.996229	14.47534	8.53773	17.646132	20.829578	21.05262
957	3.994612	4.179829	4.231736	4.305456	4.23808	4.009201	4.06955	4.199563
958	10.040331	8.419125	9.659097	8.42266	11.332059	10.871745	9.501152	11.149043
959	5.404781	4.878615	2.637322	2.356553	2.407604	5.756253	2.280567	2.439944
960	9.665769	10.200955	9.96546	10.152984	9.901939	10.257149	9.984459	10.103831
961	10.143128	6.450247	11.509678	9.851383	7.298643	8.076505	11.719433	7.959749
962	13.522312	13.639216	9.872815	10.095599	5.463316	10.856205	14.557848	6.269085
963	2.922302	2.969828	3.181845	2.908862	2.921567	3.26952	3.236289	3.422871
964	0.139709	0.155404	0.091074	0.210096	0.163056	0.18515	0.15751	0.134207
965	11.70352	12.960119	13.330275	11.663756	13.367537	13.195547	11.866936	13.229579
966	1.800961	2.805236	2.369417	2.835423	2.647895	1.661961	1.0886	1.611046
967	4.618853	5.859815	3.904532	4.370762	4.331105	4.185753	4.95832	4.618042
968	7.492963	9.475697	15.659987	13.465179	18.22225	13.773212	22.665545	16.352879
969	6.369378	6.015165	6.375613	6.552792	6.707002	6.284943	6.71501	6.392098
970	9.049073	10.734469	16.021975	9.109676	11.268566	14.540866	12.872818	12.505098
971	5.002493	7.363102	5.201158	7.836663	4.140898	6.082915	4.966039	7.586889
972	3.237519	3.493664	3.592093	1.146537	3.746616	4.020163	2.079388	1.417706
973	8.802703	7.158544	10.523083	9.394485	10.182688	7.109757	9.463037	7.352757
974	10.198991	11.540347	10.184405	10.521452	11.78513	10.335819	11.088814	10.912066
975	2.125657	2.289946	2.070144	1.883681	2.151836	2.143717	2.130826	2.146876
976	4.070606	3.627669	3.086385	3.235706	3.35906	3.952328	3.708884	3.625407
977	2.739988	2.520658	1.74945	2.118981	2.139686	2.502625	1.860971	1.090177
978	9.957683	8.634735	9.649344	5.933464	3.540498	4.552831	7.886783	8.213402
979	0.558897	0.597873	0.618668	0.538103	0.665992	0.636764	0.682646	0.671818
980	33.831528	34.728138	33.533978	35.532829	34.397976	33.206913	32.908207	32.55405
981	18.815634	1.299757	32.15089	12.136903	11.213306	7.583803	3.481311	5.227325
982	0.785795	0.618569	0.556215	0.431144	0.471284	0.454224	0.90736	0.884055
983	5.138915	3.75784	10.359754	14.661573	4.191439	13.94844	2.104888	2.723099
984	6.679184	6.529827	7.777855	8.623339	8.573842	8.389567	8.893478	7.891366
985	26.321623	24.324995	26.361507	25.199966	21.784161	25.393776	26.62405	23.52887
986	6.450052	9.322165	10.39004	10.10962	8.301465	9.298886	6.667302	6.335785
987	1.651382	1.523181	1.62022	1.918008	1.157493	1.732625	1.759376	1.666741
988	18.245771	20.248213	22.60248	19.158596	16.916498	20.668396	17.210001	22.681913
989	3.235424	3.180656	3.320549	2.968375	3.122554	3.15038	2.943677	3.05943
990	6.446882	3.96331	1.853558	2.644424	3.120052	5.041207	1.832891	7.562754
991	0.816216	0.852782	0.861579	0.839084	0.798679	0.825721	0.811928	0.840426
992	12.72227	14.217203	12.275414	14.266495	15.589477	14.829896	12.995761	13.008307
993	7.150123	6.467022	7.015359	6.721126	7.444973	7.219071	6.794679	6.210609
994	22.146322	24.920025	11.380319	17.732517	20.192137	18.295845	14.050615	22.299379
995	5.296264	5.533468	5.550827	5.556634	5.466384	5.538562	5.54174	5.32921
996	24.433786	24.402946	24.544258	24.105661	24.107468	24.225885	24.467331	24.111353
997	3.867659	3.46432	6.807715	4.892995	5.374104	4.33379	4.879931	4.726776
998	4.274997	9.321433	9.418579	5.005767	8.342673	14.382686	9.532294	12.489345
999	0.707877	0.696013	0.698407	0.701008	0.695672	0.696285	0.703387	0.701078
